$$
$$ Optistruct Input Deck Generated by HyperMesh Version  : 2022.0.0.33
$$ Generated using HyperMesh-Optistruct Template Version : 2022.0.0.33
$$
$$   Template:  optistruct
$$
$$
$$ optistruct
$
ASSIGN,PUNCH, 'KplustenshellonlyK_DMIG.pch'
DMIGNAME = KAAX
DISPLACEMENT = ALL
RESULTANT(OPTI,NOBOLT) = YES
SPCFORCE = ALL
STRESS = YES
$$------------------------------------------------------------------------------$
$$                      Case Control Cards                                      $
$$------------------------------------------------------------------------------$
K2GG = KAAX
$
$HMNAME LOADSTEP               1"static"       1
$
SUBCASE        1
  LABEL static
ANALYSIS STATICS
  SPC =        1
  LOAD =        2
$$--------------------------------------------------------------
$$ HYPERMESH TAGS 
$$--------------------------------------------------------------
$$BEGIN TAGS
$$END TAGS
$
BEGIN BULK
$$
$$  Stacking Information for Ply-Based Composite Definition
$$

PARAM,AUTOSPC,NO      
PARAM,EXTOUT,DMIGPCH
$$
$$  GRID Data
$$
GRID           1        -0.05   1.0     0.0     
GRID           2        0.05    1.0     0.0     
GRID           3        0.05    0.8     0.0     
GRID           4        0.05    0.6     0.0     
GRID           5        0.05    0.4     0.0     
GRID           6        0.05    0.2     0.0     
GRID           7        0.05    -2.16-150.0     
GRID           8        0.05    -0.2    0.0     
GRID           9        0.05    -0.4    0.0     
GRID          10        0.05    -0.6    0.0     
GRID          11        0.05    -0.8    0.0     
GRID          12        0.05    -1.0    0.0     
GRID          13        -0.05   -1.0    0.0     
GRID          14        -0.05   -0.8    0.0     
GRID          15        -0.05   -0.6    0.0     
GRID          16        -0.05   -0.4    0.0     
GRID          17        -0.05   -0.2    0.0     
GRID          18        -0.05   -2.16-150.0     
GRID          19        -0.05   0.2     0.0     
GRID          20        -0.05   0.4     0.0     
GRID          21        -0.05   0.6     0.0     
GRID          22        -0.05   0.8     0.0     
GRID          23        0.05    -2.14-150.05    
GRID          24        -0.05   -2.14-150.05    
GRID          25        -0.05   -0.2    0.05    
GRID          26        0.05    -0.2    0.05    
GRID          27        0.05    -2.16-150.1     
GRID          28        -0.05   -2.16-150.1     
GRID          29        -0.05   -0.2    0.1     
GRID          30        0.05    -0.2    0.1     
GRID          31        -0.05   -0.4    0.05    
GRID          32        0.05    -0.4    0.05    
GRID          33        -0.05   -0.4    0.1     
GRID          34        0.05    -0.4    0.1     
GRID          35        0.05    0.2     0.05    
GRID          36        -0.05   0.2     0.05    
GRID          37        0.05    0.2     0.1     
GRID          38        -0.05   0.2     0.1     
GRID          39        0.05    -0.6    0.05    
GRID          40        -0.05   -0.6    0.05    
GRID          41        -0.05   -0.8    0.05    
GRID          42        0.05    -0.8    0.05    
GRID          43        0.05    -0.6    0.1     
GRID          44        -0.05   -0.6    0.1     
GRID          45        -0.05   -0.8    0.1     
GRID          46        0.05    -0.8    0.1     
GRID          47        -0.05   0.8     0.05    
GRID          48        0.05    0.8     0.05    
GRID          49        0.05    1.0     0.05    
GRID          50        -0.05   1.0     0.05    
GRID          51        -0.05   0.8     0.1     
GRID          52        0.05    0.8     0.1     
GRID          53        0.05    1.0     0.1     
GRID          54        -0.05   1.0     0.1     
GRID          55        0.05    0.4     0.05    
GRID          56        -0.05   0.4     0.05    
GRID          57        0.05    0.4     0.1     
GRID          58        -0.05   0.4     0.1     
GRID          59        -0.05   0.6     0.05    
GRID          60        0.05    0.6     0.05    
GRID          61        -0.05   0.6     0.1     
GRID          62        0.05    0.6     0.1     
GRID          63        -0.05   -1.0    0.05    
GRID          64        0.05    -1.0    0.05    
GRID          65        -0.05   -1.0    0.1     
GRID          66        0.05    -1.0    0.1     
GRID          67        -0.05   -0.7    0.1     
GRID          68        1.353-16-0.6    0.1     
GRID          69        0.05    -0.7    0.1     
GRID          71        0.05    -0.8    0.075   
GRID          72        0.05    -0.9    0.05    
GRID          75        1.874-16-0.8    0.05    
GRID          76        -0.05   -0.8    0.075   
GRID          77        -0.05   -0.9    0.05    
GRID          79        -0.05   -0.6    0.075   
GRID          80        -0.05   -0.7    0.05    
GRID          82        0.05    -0.6    0.075   
GRID          83        0.05    -0.7    0.05    
GRID          84        1.596-16-0.6    0.05    
GRID          88        -0.05   0.3     0.1     
GRID          89        8.327-170.2     0.1     
GRID          91        0.05    0.3     0.1     
GRID          93        -0.05   0.2     0.075   
GRID          94        -0.05   0.3     0.05    
GRID          96        0.05    0.2     0.075   
GRID          97        7.286-170.2     0.05    
GRID          98        0.05    0.3     0.05    
GRID         100        0.05    -0.5    0.1     
GRID         102        -0.05   -0.5    0.1     
GRID         104        1.214-16-0.4    0.1     
GRID         106        0.05    -0.5    0.05    
GRID         107        0.05    -0.4    0.075   
GRID         109        -0.05   -0.5    0.05    
GRID         110        -0.05   -0.4    0.075   
GRID         111        1.388-16-0.4    0.05    
GRID         112        0.05    -0.3    0.1     
GRID         116        -0.05   -0.3    0.1     
GRID         118        1.076-16-0.2    0.1     
GRID         119        -0.05   0.1     0.1     
GRID         122        -0.05   -0.1    0.1     
GRID         124        0.05    0.1     0.1     
GRID         126        0.05    -0.1    0.1     
GRID         127        9.714-17-2.16-150.1     
GRID         129        0.05    -0.3    0.05    
GRID         130        0.05    -0.2    0.075   
GRID         133        -0.05   -0.3    0.05    
GRID         134        -0.05   -0.2    0.075   
GRID         136        1.145-16-0.2    0.05    
GRID         138        -0.05   0.1     0.05    
GRID         140        -0.05   -2.15-150.075   
GRID         141        -0.05   -0.1    0.05    
GRID         143        0.05    0.1     0.05    
GRID         145        0.05    -2.15-150.075   
GRID         146        0.05    -0.1    0.05    
GRID         147        9.714-17-2.14-150.05    
GRID         148        -0.05   0.8     0.025   
GRID         149        -0.05   0.7     0.0     
GRID         151        -0.05   0.6     0.025   
GRID         153        -0.05   0.5     0.0     
GRID         154        -0.05   0.4     0.025   
GRID         156        -0.05   0.2     0.025   
GRID         158        -0.05   0.3     0.0     
GRID         161        -0.05   -2.15-150.025   
GRID         162        -0.05   0.1     0.0     
GRID         163        -0.05   -0.2    0.025   
GRID         164        -0.05   -0.1    0.0     
GRID         165        -0.05   -0.4    0.025   
GRID         166        -0.05   -0.3    0.0     
GRID         167        -0.05   -0.6    0.025   
GRID         168        -0.05   -0.5    0.0     
GRID         169        -0.05   -0.8    0.025   
GRID         170        -0.05   -0.7    0.0     
GRID         171        -0.05   -0.9    0.0     
GRID         172        -0.05   -1.0    0.025   
GRID         174        1.596-16-1.0    0.0     
GRID         175        0.05    -1.0    0.025   
GRID         176        0.05    -0.8    0.025   
GRID         178        1.457-16-0.8    0.0     
GRID         179        0.05    -0.9    0.0     
GRID         182        0.05    -0.6    0.025   
GRID         184        1.353-16-0.6    0.0     
GRID         185        0.05    -0.7    0.0     
GRID         187        0.05    -0.4    0.025   
GRID         189        1.214-16-0.4    0.0     
GRID         190        0.05    -0.5    0.0     
GRID         192        0.05    -0.2    0.025   
GRID         194        1.076-16-0.2    0.0     
GRID         195        0.05    -0.3    0.0     
GRID         197        0.05    -2.15-150.025   
GRID         198        9.714-17-2.16-150.0     
GRID         199        0.05    -0.1    0.0     
GRID         200        0.05    0.2     0.025   
GRID         201        8.327-170.2     0.0     
GRID         202        0.05    0.1     0.0     
GRID         203        7.286-170.4     0.0     
GRID         204        0.05    0.3     0.0     
GRID         205        0.05    0.4     0.025   
GRID         206        5.551-170.6     0.0     
GRID         207        0.05    0.5     0.0     
GRID         209        0.05    0.6     0.025   
GRID         210        4.51-17 0.8     0.0     
GRID         211        0.05    0.7     0.0     
GRID         212        0.05    0.8     0.025   
GRID         214        0.05    0.9     0.0     
GRID         215        0.05    1.0     0.025   
GRID         216        -0.05   0.9     0.0     
GRID         217        3.469-171.0     0.0     
GRID         218        -0.05   1.0     0.025   
GRID         219        1.492-16-0.8    0.1     
GRID         221        -0.05   -0.9    0.1     
GRID         225        0.05    -0.9    0.1     
GRID         226        1.041-170.8     0.05    
GRID         227        -0.05   0.9     0.05    
GRID         228        -0.05   0.8     0.075   
GRID         230        -0.05   0.7     0.05    
GRID         232        0.05    0.9     0.05    
GRID         233        0.05    0.8     0.075   
GRID         235        0.05    0.7     0.05    
GRID         237        3.469-171.0     0.05    
GRID         239        0.05    1.0     0.075   
GRID         243        -0.05   1.0     0.075   
GRID         244        4.51-17 0.8     0.1     
GRID         245        -0.05   0.9     0.1     
GRID         247        -0.05   0.7     0.1     
GRID         249        0.05    0.9     0.1     
GRID         252        0.05    0.7     0.1     
GRID         253        3.469-171.0     0.1     
GRID         254        5.551-170.4     0.05    
GRID         255        0.05    0.4     0.075   
GRID         256        0.05    0.5     0.05    
GRID         258        -0.05   0.4     0.075   
GRID         259        -0.05   0.5     0.05    
GRID         261        7.286-170.4     0.1     
GRID         263        0.05    0.5     0.1     
GRID         265        -0.05   0.5     0.1     
GRID         266        2.776-170.6     0.05    
GRID         267        -0.05   0.6     0.075   
GRID         268        0.05    0.6     0.075   
GRID         269        5.551-170.6     0.1     
GRID         270        1.735-16-1.0    0.05    
GRID         271        -0.05   -1.0    0.075   
GRID         274        0.05    -1.0    0.075   
GRID         275        1.596-16-1.0    0.1     
GRID         276        -0.05   1.0     0.0     
GRID         277        0.05    1.0     0.0     
GRID         278        0.05    0.8     0.0     
GRID         279        0.05    0.6     0.0     
GRID         280        0.05    0.4     0.0     
GRID         281        0.05    0.2     0.0     
GRID         282        0.05    -2.16-150.0     
GRID         283        0.05    -0.2    0.0     
GRID         284        0.05    -0.4    0.0     
GRID         285        0.05    -0.6    0.0     
GRID         286        0.05    -0.8    0.0     
GRID         287        0.05    -1.0    0.0     
GRID         288        -0.05   -1.0    0.0     
GRID         289        -0.05   -0.8    0.0     
GRID         290        -0.05   -0.6    0.0     
GRID         291        -0.05   -0.4    0.0     
GRID         292        -0.05   -0.2    0.0     
GRID         293        -0.05   -2.16-150.0     
GRID         294        -0.05   0.2     0.0     
GRID         295        -0.05   0.4     0.0     
GRID         296        -0.05   0.6     0.0     
GRID         297        -0.05   0.8     0.0     
GRID         298        0.05    -2.14-150.05    
GRID         299        -0.05   -2.14-150.05    
GRID         300        -0.05   -0.2    0.05    
GRID         301        0.05    -0.2    0.05    
GRID         302        0.05    -2.16-150.1     
GRID         303        -0.05   -2.16-150.1     
GRID         304        -0.05   -0.2    0.1     
GRID         305        0.05    -0.2    0.1     
GRID         306        -0.05   -0.4    0.05    
GRID         307        0.05    -0.4    0.05    
GRID         308        -0.05   -0.4    0.1     
GRID         309        0.05    -0.4    0.1     
GRID         310        0.05    0.2     0.05    
GRID         311        -0.05   0.2     0.05    
GRID         312        0.05    0.2     0.1     
GRID         313        -0.05   0.2     0.1     
GRID         314        0.05    -0.6    0.05    
GRID         315        -0.05   -0.6    0.05    
GRID         316        -0.05   -0.8    0.05    
GRID         317        0.05    -0.8    0.05    
GRID         318        0.05    -0.6    0.1     
GRID         319        -0.05   -0.6    0.1     
GRID         320        -0.05   -0.8    0.1     
GRID         321        0.05    -0.8    0.1     
GRID         322        -0.05   0.8     0.05    
GRID         323        0.05    0.8     0.05    
GRID         324        0.05    1.0     0.05    
GRID         325        -0.05   1.0     0.05    
GRID         326        -0.05   0.8     0.1     
GRID         327        0.05    0.8     0.1     
GRID         328        0.05    1.0     0.1     
GRID         329        -0.05   1.0     0.1     
GRID         330        0.05    0.4     0.05    
GRID         331        -0.05   0.4     0.05    
GRID         332        0.05    0.4     0.1     
GRID         333        -0.05   0.4     0.1     
GRID         334        -0.05   0.6     0.05    
GRID         335        0.05    0.6     0.05    
GRID         336        -0.05   0.6     0.1     
GRID         337        0.05    0.6     0.1     
GRID         338        -0.05   -1.0    0.05    
GRID         339        0.05    -1.0    0.05    
GRID         340        -0.05   -1.0    0.1     
GRID         341        0.05    -1.0    0.1     
GRID         342        -0.05   -0.7    0.1     
GRID         343        1.353-16-0.6    0.1     
GRID         344        0.05    -0.7    0.1     
GRID         345        0.05    -0.8    0.075   
GRID         346        0.05    -0.9    0.05    
GRID         347        1.874-16-0.8    0.05    
GRID         348        -0.05   -0.8    0.075   
GRID         349        -0.05   -0.9    0.05    
GRID         350        -0.05   -0.6    0.075   
GRID         351        -0.05   -0.7    0.05    
GRID         352        0.05    -0.6    0.075   
GRID         353        0.05    -0.7    0.05    
GRID         354        1.596-16-0.6    0.05    
GRID         355        -0.05   0.3     0.1     
GRID         356        8.327-170.2     0.1     
GRID         357        0.05    0.3     0.1     
GRID         358        -0.05   0.2     0.075   
GRID         359        -0.05   0.3     0.05    
GRID         360        0.05    0.2     0.075   
GRID         361        7.286-170.2     0.05    
GRID         362        0.05    0.3     0.05    
GRID         363        0.05    -0.5    0.1     
GRID         364        -0.05   -0.5    0.1     
GRID         365        1.214-16-0.4    0.1     
GRID         366        0.05    -0.5    0.05    
GRID         367        0.05    -0.4    0.075   
GRID         368        -0.05   -0.5    0.05    
GRID         369        -0.05   -0.4    0.075   
GRID         370        1.388-16-0.4    0.05    
GRID         371        0.05    -0.3    0.1     
GRID         372        -0.05   -0.3    0.1     
GRID         373        1.076-16-0.2    0.1     
GRID         374        -0.05   0.1     0.1     
GRID         375        -0.05   -0.1    0.1     
GRID         376        0.05    0.1     0.1     
GRID         377        0.05    -0.1    0.1     
GRID         378        9.714-17-2.16-150.1     
GRID         379        0.05    -0.3    0.05    
GRID         380        0.05    -0.2    0.075   
GRID         381        -0.05   -0.3    0.05    
GRID         382        -0.05   -0.2    0.075   
GRID         383        1.145-16-0.2    0.05    
GRID         384        -0.05   0.1     0.05    
GRID         385        -0.05   -2.15-150.075   
GRID         386        -0.05   -0.1    0.05    
GRID         387        0.05    0.1     0.05    
GRID         388        0.05    -2.15-150.075   
GRID         389        0.05    -0.1    0.05    
GRID         390        9.714-17-2.14-150.05    
GRID         391        -0.05   0.8     0.025   
GRID         392        -0.05   0.7     0.0     
GRID         393        -0.05   0.6     0.025   
GRID         394        -0.05   0.5     0.0     
GRID         395        -0.05   0.4     0.025   
GRID         396        -0.05   0.2     0.025   
GRID         397        -0.05   0.3     0.0     
GRID         398        -0.05   -2.15-150.025   
GRID         399        -0.05   0.1     0.0     
GRID         400        -0.05   -0.2    0.025   
GRID         401        -0.05   -0.1    0.0     
GRID         402        -0.05   -0.4    0.025   
GRID         403        -0.05   -0.3    0.0     
GRID         404        -0.05   -0.6    0.025   
GRID         405        -0.05   -0.5    0.0     
GRID         406        -0.05   -0.8    0.025   
GRID         407        -0.05   -0.7    0.0     
GRID         408        -0.05   -0.9    0.0     
GRID         409        -0.05   -1.0    0.025   
GRID         410        1.596-16-1.0    0.0     
GRID         411        0.05    -1.0    0.025   
GRID         412        0.05    -0.8    0.025   
GRID         413        1.457-16-0.8    0.0     
GRID         414        0.05    -0.9    0.0     
GRID         415        0.05    -0.6    0.025   
GRID         416        1.353-16-0.6    0.0     
GRID         417        0.05    -0.7    0.0     
GRID         418        0.05    -0.4    0.025   
GRID         419        1.214-16-0.4    0.0     
GRID         420        0.05    -0.5    0.0     
GRID         421        0.05    -0.2    0.025   
GRID         422        1.076-16-0.2    0.0     
GRID         423        0.05    -0.3    0.0     
GRID         424        0.05    -2.15-150.025   
GRID         425        9.714-17-2.16-150.0     
GRID         426        0.05    -0.1    0.0     
GRID         427        0.05    0.2     0.025   
GRID         428        8.327-170.2     0.0     
GRID         429        0.05    0.1     0.0     
GRID         430        7.286-170.4     0.0     
GRID         431        0.05    0.3     0.0     
GRID         432        0.05    0.4     0.025   
GRID         433        5.551-170.6     0.0     
GRID         434        0.05    0.5     0.0     
GRID         435        0.05    0.6     0.025   
GRID         436        4.51-17 0.8     0.0     
GRID         437        0.05    0.7     0.0     
GRID         438        0.05    0.8     0.025   
GRID         439        0.05    0.9     0.0     
GRID         440        0.05    1.0     0.025   
GRID         441        -0.05   0.9     0.0     
GRID         442        3.469-171.0     0.0     
GRID         443        -0.05   1.0     0.025   
GRID         444        1.492-16-0.8    0.1     
GRID         445        -0.05   -0.9    0.1     
GRID         446        0.05    -0.9    0.1     
GRID         447        1.041-170.8     0.05    
GRID         448        -0.05   0.9     0.05    
GRID         449        -0.05   0.8     0.075   
GRID         450        -0.05   0.7     0.05    
GRID         451        0.05    0.9     0.05    
GRID         452        0.05    0.8     0.075   
GRID         453        0.05    0.7     0.05    
GRID         454        3.469-171.0     0.05    
GRID         455        0.05    1.0     0.075   
GRID         456        -0.05   1.0     0.075   
GRID         457        4.51-17 0.8     0.1     
GRID         458        -0.05   0.9     0.1     
GRID         459        -0.05   0.7     0.1     
GRID         460        0.05    0.9     0.1     
GRID         461        0.05    0.7     0.1     
GRID         462        3.469-171.0     0.1     
GRID         463        5.551-170.4     0.05    
GRID         464        0.05    0.4     0.075   
GRID         465        0.05    0.5     0.05    
GRID         466        -0.05   0.4     0.075   
GRID         467        -0.05   0.5     0.05    
GRID         468        7.286-170.4     0.1     
GRID         469        0.05    0.5     0.1     
GRID         470        -0.05   0.5     0.1     
GRID         471        2.776-170.6     0.05    
GRID         472        -0.05   0.6     0.075   
GRID         473        0.05    0.6     0.075   
GRID         474        5.551-170.6     0.1     
GRID         475        1.735-16-1.0    0.05    
GRID         476        -0.05   -1.0    0.075   
GRID         477        0.05    -1.0    0.075   
GRID         478        1.596-16-1.0    0.1     
$$
$$  CHEXA Elements: 2nd Order
$$
$HMCOMP ID                     1       1       5
CHEXA         11       1       7      18      17       8      23      24
+             25      26     198     164     194     199     197     161
+            163     192     147     141     136     146
CHEXA         12       1      23      24      25      26      27      28
+             29      30     147     141     136     146     145     140
+            134     130     127     122     118     126
CHEXA         13       1       8      17      16       9      26      25
+             31      32     194     166     189     195     192     163
+            165     187     136     133     111     129
CHEXA         14       1      26      25      31      32      30      29
+             33      34     136     133     111     129     130     134
+            110     107     118     116     104     112
CHEXA         15       1      18       7       6      19      24      23
+             35      36     198     202     201     162     161     197
+            200     156     147     143      97     138
CHEXA         16       1      24      23      35      36      28      27
+             37      38     147     143      97     138     140     145
+             96      93     127     124      89     119
CHEXA         17       1      10      15      14      11      39      40
+             41      42     184     170     178     185     182     167
+            169     176      84      80      75      83
CHEXA         18       1      39      40      41      42      43      44
+             45      46      84      80      75      83      82      79
+             76      71      68      67     219      69
CHEXA         19       1      22       3       2       1      47      48
+             49      50     210     214     217     216     148     212
+            215     218     226     232     237     227
CHEXA         20       1      47      48      49      50      51      52
+             53      54     226     232     237     227     228     233
+            239     243     244     249     253     245
CHEXA         21       1      19       6       5      20      36      35
+             55      56     201     204     203     158     156     200
+            205     154      97      98     254      94
CHEXA         22       1      36      35      55      56      38      37
+             57      58      97      98     254      94      93      96
+            255     258      89      91     261      88
CHEXA         23       1      21       4       3      22      59      60
+             48      47     206     211     210     149     151     209
+            212     148     266     235     226     230
CHEXA         24       1      59      60      48      47      61      62
+             52      51     266     235     226     230     267     268
+            233     228     269     252     244     247
CHEXA         25       1       9      16      15      10      32      31
+             40      39     189     168     184     190     187     165
+            167     182     111     109      84     106
CHEXA         26       1      32      31      40      39      34      33
+             44      43     111     109      84     106     107     110
+             79      82     104     102      68     100
CHEXA         27       1      11      14      13      12      42      41
+             63      64     178     171     174     179     176     169
+            172     175      75      77     270      72
CHEXA         28       1      42      41      63      64      46      45
+             65      66      75      77     270      72      71      76
+            271     274     219     221     275     225
CHEXA         29       1      20       5       4      21      56      55
+             60      59     203     207     206     153     154     205
+            209     151     254     256     266     259
CHEXA         30       1      56      55      60      59      58      57
+             62      61     254     256     266     259     258     255
+            268     267     261     263     269     265
$HMCOMP ID                     2       2       5
CHEXA         31       2     282     293     292     283     298     299
+            300     301     425     401     422     426     424     398
+            400     421     390     386     383     389
CHEXA         32       2     298     299     300     301     302     303
+            304     305     390     386     383     389     388     385
+            382     380     378     375     373     377
CHEXA         33       2     283     292     291     284     301     300
+            306     307     422     403     419     423     421     400
+            402     418     383     381     370     379
CHEXA         34       2     301     300     306     307     305     304
+            308     309     383     381     370     379     380     382
+            369     367     373     372     365     371
CHEXA         35       2     293     282     281     294     299     298
+            310     311     425     429     428     399     398     424
+            427     396     390     387     361     384
CHEXA         36       2     299     298     310     311     303     302
+            312     313     390     387     361     384     385     388
+            360     358     378     376     356     374
CHEXA         37       2     285     290     289     286     314     315
+            316     317     416     407     413     417     415     404
+            406     412     354     351     347     353
CHEXA         38       2     314     315     316     317     318     319
+            320     321     354     351     347     353     352     350
+            348     345     343     342     444     344
CHEXA         39       2     297     278     277     276     322     323
+            324     325     436     439     442     441     391     438
+            440     443     447     451     454     448
CHEXA         40       2     322     323     324     325     326     327
+            328     329     447     451     454     448     449     452
+            455     456     457     460     462     458
CHEXA         41       2     294     281     280     295     311     310
+            330     331     428     431     430     397     396     427
+            432     395     361     362     463     359
CHEXA         42       2     311     310     330     331     313     312
+            332     333     361     362     463     359     358     360
+            464     466     356     357     468     355
CHEXA         43       2     296     279     278     297     334     335
+            323     322     433     437     436     392     393     435
+            438     391     471     453     447     450
CHEXA         44       2     334     335     323     322     336     337
+            327     326     471     453     447     450     472     473
+            452     449     474     461     457     459
CHEXA         45       2     284     291     290     285     307     306
+            315     314     419     405     416     420     418     402
+            404     415     370     368     354     366
CHEXA         46       2     307     306     315     314     309     308
+            319     318     370     368     354     366     367     369
+            350     352     365     364     343     363
CHEXA         47       2     286     289     288     287     317     316
+            338     339     413     408     410     414     412     406
+            409     411     347     349     475     346
CHEXA         48       2     317     316     338     339     321     320
+            340     341     347     349     475     346     345     348
+            476     477     444     445     478     446
CHEXA         49       2     295     280     279     296     331     330
+            335     334     430     434     433     394     395     432
+            435     393     463     465     471     467
CHEXA         50       2     331     330     335     334     333     332
+            337     336     463     465     471     467     466     464
+            473     472     468     469     474     470
$
$$
$$------------------------------------------------------------------------------$
$$    HyperMesh name and color information for generic components               $
$$------------------------------------------------------------------------------$
$HMNAME COMP                   1"auto1"        1 "solid_section" 5 
$HWCOLOR COMP                  1       9
$
$HMNAME COMP                   2"auto1.1"        2 "solid_section.1" 5 
$HWCOLOR COMP                  2       9
$

$

$
$$
$$  PSOLID Data
$$
$HMNAME PROP                   1"solid_section" 5
$HWCOLOR PROP                  1       8
PSOLID         1       1                                        
$HMNAME PROP                   2"solid_section.1" 5
$HWCOLOR PROP                  2       8
PSOLID         2       2                                        
$$
$$  MAT1 Data
$$
$HMNAME MAT                    1"S235" "MAT1"
$HWCOLOR MAT                   1       7
MAT1           12.1+11  8.0+10  0.3     7850.0                          
$HMNAME MAT                    2"S235.1" "MAT1"
$HWCOLOR MAT                   2       7
MAT1           22.1+11  8.0+10  0.3     7850.0                          
$$
$$------------------------------------------------------------------------------$
$$ HyperMesh Commands for loadcollectors name and color information $
$$------------------------------------------------------------------------------$
$HMNAME LOADCOL                1"SPC"
$HWCOLOR LOADCOL               1      17
$$
$HMNAME LOADCOL                2"FBC"
$HWCOLOR LOADCOL               2      20
$$
$HMNAME LOADCOL                3"SPC.1"
$HWCOLOR LOADCOL               3      17
$$
$HMNAME LOADCOL                4"FBC.1"
$HWCOLOR LOADCOL               4      20
$$
$HMNAME LOADCOL                5"ASET1_123456"
$HWCOLOR LOADCOL               5       3
$$
$HMNAME LOADCOL                6"Superelement_Stiffness"
$HWCOLOR LOADCOL               6       5
$$
ASET1    123456      276     277     278     279     280     281     282
ASET1    123456      283     284     285     286     287     288     289
ASET1    123456      290     291     292     293     294     295     296
ASET1    123456      297     298     299     300     301     302     303
ASET1    123456      304     305     306     307     308     309     310
ASET1    123456      311     312     313     314     315     316     317
ASET1    123456      318     319     320     321     322     323     324
ASET1    123456      325     326     327     328     329     330     331
ASET1    123456      332     333     334     335     336     337     338
ASET1    123456      339     340     341     342     343     344     345
ASET1    123456      346     347     348     349     350     351     352
ASET1    123456      353     354     355     356     357     358     359
ASET1    123456      360     361     362     363     364     365     366
ASET1    123456      367     368     369     370     371     372     373
ASET1    123456      374     375     376     377     378     379     380
ASET1    123456      381     382     383     384     385     386     387
ASET1    123456      388     389     390     391     392     393     394
ASET1    123456      395     396     397     398     399     400     401
ASET1    123456      402     403     404     405     406     407     408
ASET1    123456      409     410     411     412     413     414     415
ASET1    123456      416     417     418     419     420     421     422
ASET1    123456      423     424     425     426     427     428     429
ASET1    123456      430     431     432     433     434     435     436
ASET1    123456      437     438     439     440     441     442     443
ASET1    123456      444     445     446     447     448     449     450
ASET1    123456      451     452     453     454     455     456     457
ASET1    123456      458     459     460     461     462     463     464
ASET1    123456      465     466     467     468     469     470     471
ASET1    123456      472     473     474     475     476     477     478
$$
$$  SPC Data
$$
SPC            1      13  123456     0.0
SPC            1      12  123456     0.0
SPC            1      63  123456     0.0
SPC            1      64  123456     0.0
SPC            1      65  123456     0.0
SPC            1      66  123456     0.0
SPC            1     172  123456     0.0
SPC            1     174  123456     0.0
SPC            1     175  123456     0.0
SPC            1     270  123456     0.0
SPC            1     271  123456     0.0
SPC            1     274  123456     0.0
SPC            1     275  123456     0.0
SPC            3     288  123456     0.0
SPC            3     287  123456     0.0
SPC            3     338  123456     0.0
SPC            3     339  123456     0.0
SPC            3     340  123456     0.0
SPC            3     341  123456     0.0
SPC            3     409  123456     0.0
SPC            3     410  123456     0.0
SPC            3     411  123456     0.0
SPC            3     475  123456     0.0
SPC            3     476  123456     0.0
SPC            3     477  123456     0.0
SPC            3     478  123456     0.0
$$
$$  FORCE Data
$$
FORCE          2       2       01.0     0.0     0.0     -76.9231
FORCE          2       1       01.0     0.0     0.0     -76.9231
FORCE          2      49       01.0     0.0     0.0     -76.9231
FORCE          2      50       01.0     0.0     0.0     -76.9231
FORCE          2      53       01.0     0.0     0.0     -76.9231
FORCE          2      54       01.0     0.0     0.0     -76.9231
FORCE          2     215       01.0     0.0     0.0     -76.9231
FORCE          2     217       01.0     0.0     0.0     -76.9231
FORCE          2     218       01.0     0.0     0.0     -76.9231
FORCE          2     237       01.0     0.0     0.0     -76.9231
FORCE          2     239       01.0     0.0     0.0     -76.9231
FORCE          2     243       01.0     0.0     0.0     -76.9231
FORCE          2     253       01.0     0.0     0.0     -76.9231
FORCE          4     277       01.0     0.0     0.0     -76.9231
FORCE          4     276       01.0     0.0     0.0     -76.9231
FORCE          4     324       01.0     0.0     0.0     -76.9231
FORCE          4     325       01.0     0.0     0.0     -76.9231
FORCE          4     328       01.0     0.0     0.0     -76.9231
FORCE          4     329       01.0     0.0     0.0     -76.9231
FORCE          4     440       01.0     0.0     0.0     -76.9231
FORCE          4     442       01.0     0.0     0.0     -76.9231
FORCE          4     443       01.0     0.0     0.0     -76.9231
FORCE          4     454       01.0     0.0     0.0     -76.9231
FORCE          4     455       01.0     0.0     0.0     -76.9231
FORCE          4     456       01.0     0.0     0.0     -76.9231
FORCE          4     462       01.0     0.0     0.0     -76.9231
ENDDATA
$$
$$------------------------------------------------------------------------------$$
$$        Data Definition for AutoDV                                            $$
$$------------------------------------------------------------------------------$$
$$
$$-----------------------------------------------------------------------------$$
$$        Design Variables Card for Control Perturbations                      $$
$$-----------------------------------------------------------------------------$$
$$
$$------------------------------------------------------------------------------$
$$        Domain Element Definitions                                            $
$$------------------------------------------------------------------------------$
$$
$$------------------------------------------------------------------------------$$
$$            Control Perturbation                                              $$
$$------------------------------------------------------------------------------$$
